0.01 15
0.0125893 15
0.0158489 15
0.0199526 15
0.0251189 14
0.0316228 14
0.0398107 14
0.0501187 12
0.0630957 11
0.0794328 9
0.1 9
0.125893 7
0.158489 8
0.199526 8
0.251189 3
0.316228 4
0.398107 4
0.501187 0
0.630957 2
0.794328 4
1 4
1.25893 3
1.58489 4
1.99526 2
2.51189 5
3.16228 1
3.98107 4
5.01187 2
6.30957 5
7.94328 1
10 6
12.5893 3
15.8489 4
19.9526 5
25.1189 3
31.6228 1
39.8107 5
50.1187 2
63.0957 3
79.4328 4
100 5
125.893 3
158.489 5
199.526 1
251.189 1
316.228 3
398.107 3
501.187 2
630.957 3
794.328 2
1000 1
