t = 1e-5
34 20 0
29 68 1
5 72 1
35 12 1
30 94 1
18 88 1
37 77 1
10 63 1
19 73 0
2 17 1
4 50 0
30 46 0
37 57 0
20 88 1

1 defects recovered
t = 1e-3
34 20 0
29 68 1
5 72 1
35 12 1
30 94 1
18 88 1
37 77 1
10 63 1
19 73 0
2 17 1
4 50 0
30 46 0
37 57 0
20 88 1

1 defects recovered
t = 1e-1
29 68 1
30 94 1
4 50 0
30 46 0
37 57 0
20 88 1
25 19 0
34 20 0

7 defects recovered
t = 1e0
37 77 1
18 49 0
7 50 0
34 20 0
37 57 0

10 defects recovered
t = 1e3
34 20 0
3 14 0
35 4 1
10 63 1
18 88 1
12 59 1
19 73 0

8 defects recovered
