0.00150382 1
0.00244869 2
0.00590045 5
0.00783491 8
0.00965395 10
0.0109045 11
0.0216721 18
0.0322363 22
0.0453679 30
0.0571764 33
0.0680041 40
0.081206 49
0.091904 57
0.103846 61
0.207659 79
0.309222 86
0.429006 89
0.529165 86
0.634866 85
0.744232 88
0.845287 90
0.948167 93
1.00781 90
2.00796 87
3.01232 94
4.03826 94
5.0391 90
6.0474 89
7.04742 87
8.05438 88
9.05526 86
10.0035 89
20.0164 85
30.0198 89
40.0247 91
50.0291 88
60.0333 93
70.0358 89
80.0375 91
90.0379 87
100.003 92
200.01 89
300.019 85
400.026 93
500.026 95
600.027 88
700.035 88
800.046 95
900.05 87
1000.01 87
